0.0490769 0 0 0 0 0 0 0 0 0 
0.147231 0 0 0 0 0 0 0 0 0 
0.245384 0 0 0 0 0 0 0 0 0 
0.343538 0 0 0 0 0 0 0 0 0 
0.441692 0 0 0 0 0 0 0 0 0 
0.539845 0 0 0 0 0 0 0 0 0 
0.637999 0 0 0 0 0 0 0 0 0 
0.736153 0 0 0 0 0 0 0 0 0 
0.834307 0 0 0 0 0 0 0 0 0 
0.93246 0 0 0 0 0 0 0 0 0 
1.03061 0 0 0 0 0 0 0 0 0 
1.12877 0 0 0 0 0 0 0 0 0 
1.22692 0 0 0 0 0 0.000715839 0 0.00133623 0 
1.32508 0 0 0 0 0 0.0525381 0 0.00253689 0 
1.42323 0 0 0.00148976 0 0 0.855229 0 0.00631375 0.0800215 
1.52138 0 0 0.0498238 0 0 3.3639 0 0.00707777 0.393375 
1.61954 0 0 0.34707 0 0 5.15263 0 0.0106293 1.29525 
1.71769 0 0 1.08003 0 0 4.45361 0 0.011398 2.39065 
1.81584 0 0 1.96579 0 0 2.92564 0 0.0315134 2.63091 
1.914 0 0.00108133 2.37323 0 0.00461369 1.72184 0 0.0824266 2.73903 
2.01215 0 0.00962124 2.40856 0 0.0104366 1.078 0.229605 0.205324 2.08476 
2.1103 0.0192933 0.0416605 2.11056 0.056931 0.052503 0.706361 0.512379 0.415719 1.50654 
2.20846 0.0531389 0.109924 1.74336 0.262085 0.138623 0.512942 0.970363 0.707616 1.09413 
2.30661 0.122842 0.274137 1.41719 0.629435 0.187705 0.427228 1.19533 1.06128 0.824713 
2.40477 0.264283 0.519736 1.16042 0.949957 0.311293 0.405708 1.08332 1.37448 0.720595 
2.50292 0.421147 0.807989 1.04157 1.14168 0.526827 0.374378 0.946062 1.612 0.59581 
2.60107 0.549449 1.15319 0.914896 1.14148 0.760984 0.396532 1.31324 1.76763 0.62767 
2.69923 0.828262 1.39385 0.808826 1.28618 0.957992 0.448802 1.33114 1.74885 0.652458 
2.79738 1.0068 1.6595 0.768469 1.52559 1.19797 0.47553 1.63359 1.66638 0.747226 
2.89553 1.18517 1.82558 0.734822 1.64066 1.36562 0.535185 1.24751 1.54952 0.653815 
2.99369 1.28572 1.90522 0.737953 1.55017 1.49602 0.593196 1.47708 1.4139 0.717119 
3.09184 1.35393 2.01054 0.727348 1.43232 1.49834 0.6789 1.28644 1.28438 0.802951 
3.19 1.45587 1.97205 0.741018 1.4722 1.47746 0.758964 1.50543 1.16413 0.724131 
3.28815 1.42459 1.89632 0.767957 1.29378 1.29938 0.812887 1.42081 1.05687 0.774718 
3.3863 1.42047 1.7269 0.785422 1.22447 1.10869 0.89997 1.29357 0.985142 0.950381 
3.48446 1.35156 1.53929 0.817238 1.29917 0.972045 0.992818 1.24522 0.911128 0.931693 
3.58261 1.26019 1.36154 0.865015 1.07998 0.893943 1.03941 1.14994 0.851094 1.0789 
3.68076 1.31252 1.25549 0.928867 1.0715 0.846073 1.10689 0.887456 0.813844 1.08757 
3.77892 1.21198 1.12403 0.973514 0.932218 0.83071 1.16923 0.895965 0.816328 1.09052 
3.87707 1.13415 0.968424 1.01964 0.920761 0.86172 1.19025 0.764021 0.821833 1.11472 
3.97523 1.0767 0.921319 1.06796 0.696004 0.808461 1.23388 0.837745 0.818056 1.10839 
4.07338 1.00888 0.861655 1.12541 0.762838 0.807836 1.22568 0.711897 0.837569 1.10989 
4.17153 0.939218 0.841128 1.17865 0.774722 0.84936 1.21115 0.658149 0.854725 1.11061 
4.26969 0.938571 0.816123 1.18776 0.766752 0.878761 1.17889 0.652 0.884181 1.11805 
4.36784 0.88948 0.83098 1.18049 0.790276 0.93755 1.14829 0.775877 0.909757 1.11863 
4.46599 0.864162 0.782507 1.17251 0.69977 1.01136 1.11016 0.881996 0.956393 1.12743 
4.56415 0.810421 0.777268 1.16696 0.731874 0.998352 1.07005 0.944387 0.982112 1.04286 
4.6623 0.832264 0.794647 1.13231 0.925458 1.0053 1.0318 1.02656 1.02791 1.06957 
4.76046 0.8765 0.846603 1.07792 0.916595 1.06616 0.986985 0.95296 1.06893 1.01861 
4.85861 0.877251 0.874314 1.05421 0.915295 1.08767 0.945949 1.08672 1.09637 0.978166 
4.95676 0.913034 0.860646 1.01031 1.0497 1.12386 0.920802 1.12624 1.11606 1.00749 
5.05492 0.894075 0.886238 0.972663 1.00561 1.15011 0.907129 1.15074 1.13526 0.94809 
5.15307 0.957744 0.940459 0.960567 1.03013 1.16051 0.888346 1.15467 1.1419 0.929857 
5.25122 1.02016 0.993756 0.94409 1.01076 1.17996 0.898049 1.20693 1.12927 0.920319 
5.34938 1.03471 1.02821 0.929588 1.12724 1.21696 0.900503 1.29818 1.12405 0.949308 
5.44753 1.06949 1.03166 0.918793 1.11867 1.22686 0.914579 1.26536 1.0966 0.937264 
5.54569 1.15509 1.04028 0.910431 1.16634 1.18363 0.914042 1.21684 1.07083 1.00725 
5.64384 1.17426 1.05441 0.907959 1.13442 1.1579 0.929675 1.14105 1.03841 0.986816 
5.74199 1.17223 1.07189 0.927293 1.19819 1.11054 0.95788 1.09308 1.01663 1.00684 
5.84015 1.13593 1.04079 0.942745 1.2134 1.14138 0.984085 1.05076 1.00347 0.965188 
5.9383 1.16776 1.04577 0.949426 1.12897 1.13636 1.00176 1.0277 0.991546 1.0213 
6.03645 1.19396 1.0174 0.96465 1.16331 1.08019 1.02409 0.993971 0.981111 1.03097 
6.13461 1.18713 1.05366 0.983883 1.12834 1.05997 1.03765 0.961016 0.967389 1.00695 
6.23276 1.18543 1.03985 1.00137 1.00306 1.04353 1.04977 1.12001 0.967915 1.00852 
6.33091 1.14657 1.02034 1.00566 0.965346 1.05125 1.0507 1.05497 0.976583 0.992385 
6.42907 1.10416 0.99556 1.016 0.990288 1.02014 1.05889 1.00358 0.972502 0.952466 
6.52722 1.11604 0.995789 1.03092 0.974369 1.00183 1.05658 1.00214 0.971735 1.02704 
6.62538 1.11133 0.997735 1.02003 0.933919 0.978432 1.04579 0.997945 0.973557 1.06883 
6.72353 1.10249 0.997083 1.0366 1.04498 0.997598 1.04323 1.04241 0.984587 1.04159 
6.82168 1.06639 0.978246 1.04174 1.03057 1.01472 1.03574 0.866184 0.988634 1.0386 
