0.0496713 0 0 0 0 0 0 0 0 0 
0.149014 0 0 0 0 0 0 0 0 0 
0.248357 0 0 0 0 0 0 0 0 0 
0.347699 0 0 0 0 0 0 0 0 0 
0.447042 0 0 0 0 0 0 0 0 0 
0.546385 0 0 0 0 0 0 0 0 0 
0.645727 0 0 0 0 0 0 0 0 0 
0.74507 0 0 0 0 0 0 0 0 0 
0.844413 0 0 0 0 0 0 0 0 0 
0.943755 0 0 0 0 0 0 0 0 0 
1.0431 0 0 0 0 0 0 0 0 0 
1.14244 0 0 0 0 0 0 0 0 0 
1.24178 0 0 0 0 0 0.000325855 0 0.00130342 0 
1.34113 0 0 0 0 0 0.0873091 0 0.00745038 0 
1.44047 0 0 0.00411734 0 0 1.24634 0 0.00702369 0 
1.53981 0 0 0.0723856 0 0 3.98789 0 0.00960903 0 
1.63915 0 0 0.484572 0 0 5.30093 0 0.00860464 0 
1.7385 0 0 1.35988 0 0 4.23913 0 0.0103658 0.00665184 
1.83784 0 0 2.17208 0 0 2.73799 0 0.0353171 0.0714279 
1.93718 0.000875077 0.00225606 2.48031 0 0.00525046 1.66073 0 0.0975086 0.363246 
2.03652 0.015836 0.00983567 2.32517 0 0.0277131 0.991187 0 0.224007 0.729104 
2.13587 0.0442721 0.033744 1.99373 0 0.0385132 0.668214 0 0.459947 1.06659 
2.23521 0.107142 0.117238 1.66785 0.0246493 0.159728 0.49359 0 0.754471 1.44153 
2.33455 0.183483 0.301804 1.35957 0.0564912 0.282004 0.422877 0.0564912 1.13902 1.5266 
2.43389 0.331804 0.575486 1.12074 0.151765 0.483708 0.376931 0.118502 1.46872 1.4989 
2.53324 0.559364 0.833625 0.965874 0.297466 0.67963 0.378148 0.189994 1.65751 1.68069 
2.63258 0.801092 1.20039 0.851096 0.319868 0.869094 0.412456 0.367848 1.76423 1.50345 
2.73192 0.998023 1.50609 0.749413 0.508252 1.08185 0.433186 0.735976 1.73829 1.49148 
2.83127 1.156 1.67325 0.707815 0.645293 1.24265 0.471522 1.21684 1.6676 1.29084 
2.93061 1.21873 1.77111 0.700008 0.879056 1.36768 0.522921 1.33794 1.52186 1.15003 
3.02995 1.34744 1.79531 0.731823 1.20738 1.45602 0.597806 1.43276 1.37773 1.01234 
3.12929 1.46365 1.91174 0.727681 1.17471 1.49501 0.692824 1.55957 1.22158 1.07928 
3.22864 1.60293 1.88918 0.744454 1.33512 1.40554 0.747516 1.61986 1.09949 1.08835 
3.32798 1.54766 1.73499 0.797854 1.37114 1.25453 0.839067 1.71365 1.01426 1.01345 
3.42732 1.47379 1.6362 0.829116 1.58011 1.12708 0.918582 1.78771 0.961877 0.842233 
3.52666 1.47366 1.5228 0.860186 1.40025 1.06633 0.984153 1.78151 0.916834 0.796748 
3.62601 1.3683 1.29987 0.912119 1.48758 0.985098 1.06617 1.63371 0.862101 0.822209 
3.72535 1.22175 1.16181 0.949249 1.36582 0.852089 1.12019 1.50692 0.831094 0.811111 
3.82469 1.17483 1.03762 0.979966 1.11645 0.790328 1.17288 1.47092 0.816595 0.869874 
3.92403 1.15065 0.955456 1.05197 1.14943 0.822276 1.20192 1.3398 0.80938 0.875231 
4.02338 1.05061 0.866154 1.1016 1.18391 0.819303 1.22694 1.36272 0.824161 0.879999 
4.12272 0.95054 0.830532 1.14301 1.09494 0.816142 1.2143 1.35074 0.8236 0.928491 
4.22206 0.876488 0.806118 1.16092 1.00533 0.851982 1.18648 1.1297 0.84004 0.968565 
4.32141 0.932772 0.782014 1.1662 0.988657 0.845712 1.1678 1.02098 0.882982 1.0949 
4.42075 0.893843 0.796776 1.15264 0.930229 0.900398 1.13605 1.11993 0.923798 1.04439 
4.52009 0.857157 0.835196 1.14708 0.845784 0.98729 1.0992 0.945855 0.968242 1.12084 
4.61943 0.889027 0.814668 1.13485 0.817302 1.04333 1.06441 0.937357 1.00527 1.12178 
4.71878 0.875075 0.81938 1.11105 0.73181 1.02125 1.00284 0.857927 1.05076 1.12543 
4.81812 0.882798 0.852229 1.07716 0.785775 1.03546 0.976282 0.802222 1.08407 1.11745 
4.91746 0.89211 0.903397 1.01385 0.783381 1.07846 0.955677 0.976425 1.1117 1.12232 
5.0168 0.962118 0.906788 0.985628 0.852008 1.12296 0.933065 0.993438 1.12511 1.09477 
5.11615 0.948709 0.952558 0.987443 0.839006 1.14785 0.897125 0.986761 1.13425 1.09876 
5.21549 0.921546 0.98216 0.960286 0.764786 1.16848 0.883762 0.994357 1.1242 1.16036 
5.31483 0.957533 0.99288 0.927314 0.861606 1.14712 0.873218 0.896489 1.12406 1.04862 
5.41417 1.03471 1.03987 0.924819 0.88154 1.14334 0.898562 0.949189 1.10575 1.06428 
5.51352 1.0318 1.06987 0.907215 0.93069 1.21159 0.912904 1.03563 1.09244 1.10473 
5.61286 1.0998 1.05081 0.898939 0.944171 1.19759 0.9349 1.0814 1.07053 1.09597 
5.7122 1.13259 1.06259 0.912048 0.961822 1.16556 0.964695 1.0426 1.04771 1.02576 
5.81155 1.13811 1.05684 0.92806 1.0926 1.19768 0.97986 0.951831 1.02445 1.01064 
5.91089 1.1594 1.05286 0.956856 1.11365 1.14488 0.989009 1.11083 1.01723 1.01149 
6.01023 1.11721 1.05271 0.972548 1.06077 1.11076 1.02262 1.1201 0.985173 0.884807 
6.10957 1.13639 1.03598 1.00006 1.01006 1.08214 1.05095 1.14502 0.979287 0.857883 
6.20892 1.09499 1.04699 1.00966 1.12752 1.0961 1.05238 1.11123 0.968667 0.87426 
6.30826 1.12834 1.02742 1.02304 1.04555 1.05108 1.05113 1.06103 0.954363 0.956599 
6.4076 1.08166 0.996189 1.03184 1.15678 1.04958 1.05414 1.07488 0.957249 0.965763 
6.50694 1.07173 0.985313 1.03732 1.18136 1.00614 1.05233 1.07169 0.958921 0.921301 
6.60629 1.0884 0.994038 1.03493 1.29596 1.0023 1.03764 1.08796 0.964887 0.935087 
6.70563 1.06373 0.989628 1.02877 1.36468 1.01946 1.03979 1.04392 0.974009 0.949714 
6.80497 1.05545 0.9976 1.02309 1.30305 1.02549 1.03594 1.11393 0.981425 0.970043 
6.90431 1.00804 0.998038 1.02302 1.21673 1.05479 1.03011 1.06712 0.99613 0.945114 
