0.0779747 0 0 0 0 0 0 0 0 0 0 0 0 0 0 0 0 0 0 
0.233924 0 0 0 0 0 0 0 0 0 0 0 0 0 0 0 0 0 0 
0.389874 0 0 0 0 0 0 0 0 0 0 0 0 0 0 0 0 0 0 
0.545823 0 0 0 0 0 0 0 0 0 0 0 0 0 0 0 0 0 0 
0.701772 0 0 0 0 0 0 0 0 0 0 0 0 0 0 0 0 0 0 
0.857722 0 0 0 0 0 0 0 0 0 0 0 0 0 0 0 0 0 0 
1.01367 0 0 0 0 0 0 0 0 0 0 0 0 0 0 0 0 0 0 
1.16962 0 0 0 0 0 0 0 0 0 0 0 0 0 0 0 0 0 0 
1.32557 0 0 0 0 0.000153064 3.54241e-05 0 0 0 0 0.0756646 0.0175113 0 0 0.000816341 0.000185073 0 0 
1.48152 0 0 0 0 0.0399968 0.0115955 0 0 0 0 2.12007 0.630266 0 0 0.000844331 0.000424126 0 0 
1.63747 0 0 0 0 0.705908 0.260793 0 0 0 0 4.44956 2.20103 0 0 0.00399158 0.00180446 0 0 
1.79342 0.00309745 0.000401474 0 0 2.17871 1.18327 0 0 0 0 2.96207 3.45519 0 0 0.0353437 0.0164638 0.0780871 0.0330625 
1.94937 0.00539811 0.00122804 0.00412088 0.000673059 2.67922 2.5234 0 0 0.00508964 0.000779331 1.38726 4.14909 0 0 0.21498 0.121801 0.671191 0.368789 
2.10532 0.109758 0.0208294 0.0598794 0.0120796 2.11901 3.7596 0.00793433 0.00151143 0.0684997 0.0130125 0.7183 4.56813 0.00595075 0.00113357 0.736759 0.542842 1.42073 1.19762 
2.26127 0.330149 0.0888438 0.321712 0.0827744 1.44486 4.73195 0.134123 0.0309843 0.250821 0.0646845 0.487941 4.8965 0.0808176 0.0188929 1.44296 1.4941 1.70324 2.34385 
2.41722 0.701576 0.253991 0.873443 0.302085 1.01252 5.51053 0.425882 0.137918 0.593927 0.204492 0.424453 5.22289 0.262602 0.084829 1.91668 2.93786 1.81102 3.73644 
2.57317 1.16222 0.564 1.49784 0.72825 0.7692 6.18077 0.773591 0.35802 1.06731 0.489184 0.462122 5.62555 0.45685 0.214812 1.92722 4.58286 1.61643 5.14491 
2.72911 1.47826 1.00753 1.91199 1.34017 0.666984 6.8345 1.18065 0.735878 1.52595 0.947029 0.528197 6.14326 0.961642 0.522577 1.65112 6.16814 1.23385 6.35424 
2.88506 1.63412 1.55545 2.01622 2.06127 0.623644 7.51758 1.61855 1.31476 1.68821 1.51308 0.629757 6.83303 1.2361 0.96467 1.32382 7.58854 1.00837 7.45872 
3.04101 1.60797 2.15445 1.97397 2.84563 0.646308 8.30407 1.80916 2.03363 1.71378 2.1515 0.722577 7.71233 1.59758 1.59947 1.05627 8.84767 0.860269 8.50557 
3.19696 1.47996 2.76374 1.80846 3.63981 0.688777 9.23039 1.83145 2.8379 1.44428 2.7461 0.858328 8.86668 1.85899 2.41583 0.895125 10.0269 0.803971 9.58681 
3.35291 1.28711 3.34659 1.55888 4.39278 0.760318 10.3551 1.63653 3.62838 1.19308 3.28637 0.978933 10.3148 1.81567 3.29284 0.802176 11.1893 0.728892 10.665 
3.50886 1.12254 3.90329 1.26096 5.05982 0.861255 11.7504 1.36431 4.35009 0.940969 3.75302 1.06401 12.0385 1.73146 4.20877 0.778566 12.4249 0.74497 11.8719 
3.66481 1.0466 4.46949 1.02656 5.65219 0.979976 13.4822 1.26476 5.07992 0.800134 4.18588 1.16077 14.0898 1.37543 5.00246 0.779954 13.7751 0.743864 13.1865 
3.82076 0.988466 5.0507 0.868456 6.19689 1.11752 15.6287 1.16454 5.81032 0.764876 4.63563 1.22284 16.4387 1.06695 5.67164 0.799247 15.279 0.847567 14.8145 
3.97671 0.856003 5.59595 0.726643 6.69059 1.21273 18.1521 0.843379 6.38334 0.733654 5.10294 1.24147 19.0219 1.02802 6.37011 0.846143 17.0037 0.984972 16.864 
4.13266 0.767496 6.12391 0.682048 7.19105 1.26378 20.992 0.711932 6.90572 0.744014 5.61475 1.18972 21.6953 0.938514 7.05876 0.925361 19.0407 1.07313 19.2755 
4.28861 0.701286 6.64342 0.662506 7.71455 1.23029 23.9692 0.684772 7.44682 0.832534 6.23148 1.10105 24.3598 0.87844 7.75288 1.00551 21.4243 1.14462 22.0453 
4.44456 0.725068 7.22031 0.708552 8.31589 1.16502 26.9972 0.698785 8.03986 0.90402 6.95076 1.00374 26.9686 0.840812 8.46647 1.08711 24.1921 1.21335 25.1989 
4.60051 0.721934 7.83573 0.737926 8.98687 1.01163 29.8143 0.776261 8.7457 0.913201 7.72922 0.892235 29.4532 0.760262 9.15776 1.05667 27.0745 1.15447 28.4138 
4.75646 0.776217 8.54303 0.757164 9.72281 0.824227 32.2677 0.697041 9.4232 0.92677 8.57371 0.757941 31.7093 0.711425 9.84923 0.962918 29.8823 0.992678 31.3686 
4.91241 0.805011 9.32545 0.799607 10.5518 0.674767 34.4101 0.607203 10.0527 0.892484 9.44115 0.659385 33.8029 0.811669 10.6907 0.853213 32.536 0.856692 34.0886 
5.06836 0.800132 10.1533 0.787733 11.4211 0.561463 36.3077 0.619889 10.7368 0.841835 10.3121 0.590769 35.7995 0.728939 11.4952 0.742101 34.9929 0.709982 36.4882 
5.22431 0.781029 11.0119 0.728872 12.2758 0.491841 38.0739 0.624362 11.4689 0.758171 11.1456 0.524987 37.6847 0.771792 12.4002 0.618667 37.1692 0.575791 38.5558 
5.38025 0.681031 11.8059 0.640337 13.0721 0.436764 39.7373 0.549498 12.1523 0.642322 11.8944 0.470803 39.4778 0.696102 13.2658 0.515372 39.0919 0.423543 40.1689 
5.5362 0.570566 12.5102 0.511813 13.746 0.387197 41.2987 0.595455 12.9363 0.511546 12.5259 0.427797 41.2029 0.452259 13.8613 0.429069 40.7868 0.365771 41.6439 
5.69215 0.466438 13.1189 0.391019 14.2903 0.350395 42.7924 0.582686 13.7474 0.418372 13.0719 0.387851 42.8562 0.348146 14.3459 0.357324 42.279 0.342636 43.1045 
5.8481 0.360885 13.616 0.297366 14.7272 0.311121 44.1923 0.459957 14.4232 0.331258 13.5282 0.330338 44.3426 0.315553 14.8096 0.295032 43.5794 0.281402 44.3707 
6.00405 0.268193 14.0053 0.226651 15.0782 0.272621 45.4853 0.278514 14.8545 0.262174 13.9088 0.26916 45.6192 0.221054 15.1519 0.238102 44.6856 0.231521 45.4687 
6.16 0.185573 14.2889 0.165051 15.3473 0.214193 46.5546 0.231213 15.2314 0.20305 14.2191 0.202764 46.6315 0.160632 15.4138 0.186435 45.5974 0.210562 46.5199 
6.31595 0.125957 14.4913 0.118064 15.5496 0.155433 47.3704 0.169335 15.5216 0.149153 14.4587 0.145067 47.3928 0.0813599 15.5532 0.142558 46.3303 0.152379 47.3197 
6.4719 0.0893159 14.642 0.0817584 15.6967 0.104198 47.9446 0.086201 15.6767 0.110259 14.6447 0.0977483 47.9315 0.0603722 15.6618 0.102055 46.8812 0.107721 47.9133 
6.62785 0.0659675 14.7587 0.0550306 15.8006 0.0699296 48.3487 0.0668752 15.8029 0.0787552 14.7841 0.0628645 48.2948 0.038243 15.734 0.0723752 47.291 0.0644316 48.2857 
6.7838 0.0484694 14.8485 0.0357584 15.8713 0.0438029 48.6139 0.0393719 15.8808 0.0504699 14.8776 0.0429077 48.5546 0.0565732 15.8458 0.0493416 47.5836 0.0411895 48.535 
6.93975 0.0295865 14.9059 0.0251519 15.9233 0.0261425 48.7796 0.0270296 15.9367 0.0279184 14.9318 0.0287982 48.7371 0.0344262 15.9171 0.0314898 47.7791 0.035632 48.7608 
7.0957 0.0221627 14.9509 0.0174147 15.961 0.0172911 48.8941 0.013102 15.965 0.018203 14.9687 0.0188027 48.8616 0.0124032 15.9439 0.0179946 47.8958 0.0181396 48.881 
7.25165 0.0112622 14.9747 0.00929865 15.982 0.00919251 48.9577 0.00786125 15.9828 0.00744867 14.9845 0.0110085 48.9378 0.00769399 15.9613 0.00936887 47.9593 0.0105681 48.9541 
7.4076 0.0081108 14.9926 0.00528464 15.9944 0.00428864 48.9887 0.0041676 15.9926 0.00382565 14.9929 0.005939 48.9807 0.0120219 15.9896 0.00433989 47.99 0.00450127 48.9866 
7.56355 0.00282902 14.9991 0.0018354 15.9989 0.00136807 48.999 0.00299814 16 0.00260351 14.9989 0.00229999 48.998 0.00330564 15.9977 0.00121432 47.999 0.0012049 48.9957 
7.7195 0.000354244 15 0.000410517 16 0.00013254 49 0 16 0.000452645 15 0.00025755 49 0.00088561 16 0.000133544 48 0.000554259 49 
