0.0753173 0 0 0 0 0 0 0 0 0 0 0 0 0 0 0 0 0 0 
0.225952 0 0 0 0 0 0 0 0 0 0 0 0 0 0 0 0 0 0 
0.376587 0 0 0 0 0 0 0 0 0 0 0 0 0 0 0 0 0 0 
0.527221 0 0 0 0 0 0 0 0 0 0 0 0 0 0 0 0 0 0 
0.677856 0 0 0 0 0 0 0 0 0 0 0 0 0 0 0 0 0 0 
0.828491 0 0 0 0 0 0 0 0 0 0 0 0 0 0 0 0 0 0 
0.979125 0 0 0 0 0 0 0 0 0 0 0 0 0 0 0 0 0 0 
1.12976 0 0 0 0 0 0 0 0 0 0 0 0 0 0 0 0 0 0 
1.28039 0 0 0 0 0 0 0 0 0 0 0.0130546 0.00302127 0 0 0 0 0 0 
1.43103 0 0 0 0 0.0114289 0.00330325 0 0 0 0 1.05209 0.307102 0 0 0 0 0 0 
1.58166 0 0 0 0 0.416397 0.150298 0 0 0 0 4.0316 1.73032 0 0 0.000988976 0.000342 0 0 
1.7323 0 0 0 0 1.93166 0.968176 0 0 0 0 3.68108 3.28891 0 0 0.0205823 0.00887883 0.0152227 0.00644538 
1.88293 0.006314 0.000966806 0.00246641 0.000402836 2.81726 2.37736 0 0 0 0 1.90362 4.2411 0 0 0.150951 0.0828428 0.39237 0.202707 
2.03357 0.0827838 0.0157509 0.0296059 0.00604254 2.28164 3.70843 0.00676707 0.00128908 0.0473695 0.00845956 0.938274 4.78847 0.0169177 0.00322269 0.624388 0.439667 1.21034 0.908798 
2.1842 0.315212 0.080688 0.197252 0.0493877 1.59744 4.78346 0.140789 0.0322269 0.20962 0.0516436 0.542296 5.15342 0.108525 0.0270706 1.41196 1.37048 1.87432 2.17016 
2.33484 0.851382 0.281099 0.647842 0.212053 1.08319 5.61638 0.424835 0.138898 0.656976 0.206292 0.452391 5.50129 0.464623 0.143732 1.97167 2.85567 2.01126 3.71673 
2.48547 1.34064 0.638696 1.2429 0.565682 0.80524 6.31802 1.16666 0.470835 1.16213 0.516275 0.390126 5.84122 0.607114 0.316468 2.01387 4.57462 1.67839 5.17918 
2.63611 1.69156 1.14623 1.70913 1.11267 0.670861 6.97555 1.47218 0.941992 1.58683 0.992386 0.481039 6.3127 1.24561 0.715114 1.70512 6.21175 1.24945 6.4038 
2.78674 1.86028 1.76998 1.95368 1.81141 0.602483 7.63545 1.75708 1.57042 1.90714 1.63185 0.5774 6.94513 1.3489 1.19755 1.38077 7.69325 1.13365 7.6455 
2.93738 1.81294 2.44534 1.95557 2.58846 0.599425 8.36489 1.86539 2.31163 1.89016 2.33597 0.699993 7.79695 1.83863 1.92813 1.05333 8.94888 1.08818 8.96971 
3.08801 1.62173 3.113 1.77456 3.36775 0.626416 9.20734 1.66513 3.04286 1.632 3.00786 0.824768 8.90616 1.62256 2.64067 0.858895 10.0804 0.831028 10.0873 
3.23865 1.34061 3.72007 1.56478 4.12357 0.693867 10.2337 1.39243 3.71544 1.35992 3.62367 0.937882 10.2935 1.62528 3.42572 0.794077 11.2311 0.64508 11.0416 
3.38928 1.15012 4.29044 1.37283 4.84978 0.790499 11.5144 1.2367 4.36964 1.00244 4.12081 1.03612 11.9721 1.31225 4.11988 0.768754 12.4511 0.606728 12.0245 
3.53992 1.00124 4.8321 1.09071 5.47917 0.905382 13.1144 1.10355 5.00645 0.776879 4.54109 1.13835 13.9838 1.19291 4.80825 0.77895 13.7995 0.600329 13.0854 
3.69055 0.860072 5.33782 0.880565 6.03146 1.0693 15.1683 0.74453 5.47341 0.681193 4.94163 1.23902 16.3637 1.19926 5.56043 0.79521 15.2958 0.720108 14.4686 
3.84118 0.844541 5.87577 0.726923 6.52536 1.19804 17.6611 0.726182 5.96681 0.637358 5.34761 1.25767 18.9806 1.09663 6.30551 0.829903 16.9874 0.985035 16.5182 
3.99182 0.763624 6.40106 0.647437 7.00042 1.27485 20.5259 0.821306 6.56945 0.647616 5.7931 1.22291 21.7286 0.996547 7.03674 0.91502 19.0016 1.04175 18.8592 
4.14245 0.711496 6.92813 0.648904 7.51317 1.28529 23.6362 0.80549 7.20593 0.744885 6.34491 1.14179 24.4917 0.963734 7.79826 0.997418 21.366 1.19323 21.7467 
4.29309 0.723204 7.50354 0.676081 8.08695 1.23507 26.8463 0.634905 7.74476 0.79601 6.97825 1.04402 27.2052 0.857425 8.52594 1.09412 24.1517 1.22319 24.9259 
4.44372 0.707332 8.10651 0.71436 8.7365 1.05859 29.7941 0.649656 8.33548 0.908266 7.7525 0.897563 29.7046 0.786463 9.24106 1.07334 27.0796 1.20683 28.2865 
4.59436 0.751458 8.79125 0.738684 9.45448 0.867596 32.3766 0.585543 8.90461 0.899689 8.57231 0.766597 31.9865 0.812996 10.0313 0.97539 29.9237 1.05797 31.4357 
4.74499 0.755155 9.52522 0.808983 10.2932 0.699333 34.597 0.672366 9.60168 0.902083 9.44908 0.65629 34.0702 0.761268 10.8205 0.858856 32.595 0.935946 34.4073 
4.89563 0.780109 10.3323 0.792475 11.1678 0.570336 36.5246 0.661999 10.3323 0.861679 10.3406 0.564924 35.9795 0.731206 11.6275 0.733101 35.0221 0.694734 36.7554 
5.04626 0.738705 11.1444 0.780056 12.0824 0.471316 38.2171 0.602181 11.0383 0.779418 11.1974 0.493584 37.752 0.732182 12.486 0.611991 37.1749 0.539545 38.6929 
5.1969 0.645782 11.8973 0.693901 12.9454 0.421963 39.8241 0.682321 11.8869 0.661469 11.9686 0.448067 39.4584 0.695019 13.3503 0.502951 39.0513 0.446782 40.3945 
5.34753 0.541842 12.5661 0.542593 13.6598 0.372868 41.3277 0.563657 12.6291 0.521968 12.6129 0.417667 41.1427 0.603796 14.1453 0.421375 40.7158 0.373217 41.8995 
5.49817 0.417574 13.1111 0.438041 14.2695 0.344605 42.7967 0.518611 13.351 0.415043 13.1545 0.378847 42.7577 0.429938 14.7438 0.350828 42.1808 0.340423 43.3506 
5.6488 0.349424 13.5924 0.346626 14.7788 0.302036 44.1558 0.416308 13.9626 0.311814 13.584 0.327367 44.2307 0.291284 15.1718 0.294313 43.4781 0.274023 44.5836 
5.79944 0.268331 13.982 0.24589 15.1596 0.262637 45.4014 0.346269 14.4989 0.240391 13.933 0.271754 45.5196 0.140256 15.389 0.241282 44.5991 0.216554 45.6107 
5.95007 0.200591 14.2885 0.173882 15.4431 0.212842 46.464 0.221217 14.8595 0.188176 14.2206 0.210134 46.5686 0.12079 15.5859 0.196307 45.5591 0.174614 46.4824 
6.1007 0.134118 14.504 0.116862 15.6433 0.156965 47.2878 0.20065 15.2034 0.127448 14.4254 0.147762 47.3441 0.089512 15.7393 0.14583 46.3089 0.134905 47.1905 
6.25134 0.0917456 14.6588 0.0767656 15.7815 0.107005 47.8775 0.163158 15.4969 0.109703 14.6105 0.0945049 47.8649 0.0449534 15.8202 0.102834 46.864 0.102166 47.7535 
6.40197 0.0686263 14.7802 0.0516682 15.879 0.0729915 48.2993 0.104169 15.6935 0.0780527 14.7485 0.066328 48.2482 0.0297138 15.8762 0.0721016 47.2722 0.070761 48.1624 
6.55261 0.0405564 14.8553 0.0298101 15.9379 0.0517201 48.6125 0.0837861 15.8592 0.0553792 14.8512 0.0471259 48.5336 0.0223321 15.9204 0.0515527 47.578 0.0436462 48.4267 
6.70324 0.0292006 14.912 0.0136489 15.9662 0.0302024 48.8038 0.0443929 15.951 0.0350366 14.9192 0.0315184 48.7333 0.0169783 15.9555 0.032452 47.7794 0.0338231 48.641 
6.85388 0.0213557 14.9553 0.00807356 15.9836 0.0164896 48.913 0.0198161 15.9939 0.0205015 14.9607 0.020479 48.8689 0.0134094 15.9845 0.0183616 47.8985 0.0222821 48.7886 
7.00451 0.0127247 14.9822 0.00445794 15.9937 0.00816039 48.9695 0.00271043 16 0.0107656 14.9835 0.0117296 48.9501 0.00684739 16 0.00904834 47.9599 0.0154183 48.8953 
7.15515 0.00523147 14.9938 0.00186269 15.9981 0.00318062 48.9925 0 16 0.00503096 14.9946 0.00518386 48.9875 0 16 0.00421665 47.9897 0.0110262 48.9749 
7.30578 0.00243031 14.9994 0.000540918 15.9994 0.000912569 48.9993 0 16 0.00160855 14.9983 0.00152541 48.999 0 16 0.00126671 47.999 0.00295448 48.9971 
7.45642 0.000251774 15 0.00022817 16 8.47811e-05 49 0 16 0.000688183 15 0.000128456 49 0 16 0.000128456 48 0.000369954 49 
