0.0913876 0 0 0 0 0 0 0 0 0 0 0 0 0 0 0 0 0 0 
0.274163 0 0 0 0 0 0 0 0 0 0 0 0 0 0 0 0 0 0 
0.456938 0 0 0 0 0 0 0 0 0 0 0 0 0 0 0 0 0 0 
0.639713 0 0 0 0 0 0 0 0 0 0 0 0 0 0 0 0 0 0 
0.822488 0 0 0 0 0 0 0 0 0 0 0 0 0 0 0 0 0 0 
1.00526 0 0 0 0 0 0 0 0 0 0 0 0 0 0 0 0 0 0 
1.18804 0 0 0 0 0 0 0 0 0 0 7.41498e-05 1.00434e-05 0 0 0.00469615 0.0006231 0 0 
1.37081 0 0 0 0 0.000501498 9.03905e-05 0 0 0 0 0.481828 0.0868552 0 0 0.0133361 0.00297776 0.0249635 0.00449944 
1.55359 0 0 0 0 0.152495 0.0353829 0 0 0 0 4.76857 1.19046 0 0 0.012556 0.00582434 1.07276 0.252772 
1.73636 0 0 0 0 1.29093 0.408495 0 0 0 0 4.66417 2.53853 0 0 0.0184171 0.0110387 2.64705 1.01784 
1.91914 0 0 0 0 2.42726 1.26536 0 0 0.00353162 0.000381649 1.86346 3.19636 0.0836437 0.00964165 0.0792434 0.038442 2.51363 1.90519 
2.10191 0.00867853 0.00112486 0.0242631 0.00335449 2.19936 2.19658 0.11623 0.0160694 0.0609047 0.00827575 0.742142 3.51059 0.385884 0.0629921 0.292125 0.159605 1.66537 2.61032 
2.28469 0.0830385 0.0138398 0.185951 0.0337257 1.60346 2.99862 0.351241 0.0734372 0.157681 0.0324201 0.441255 3.7313 0.800869 0.193797 0.757244 0.530645 1.04828 3.13466 
2.46747 0.268031 0.0617066 0.610746 0.150068 1.12892 3.65722 0.565194 0.181102 0.44057 0.1111 0.345589 3.93291 1.08652 0.400771 1.31683 1.28319 0.739865 3.56629 
2.65024 0.612125 0.187811 1.08169 0.387765 0.857263 4.23413 0.875335 0.373453 0.815907 0.279186 0.352818 4.17035 1.3492 0.697252 1.64186 2.36556 0.693666 4.0331 
2.83302 0.976116 0.417584 1.48414 0.760415 0.742495 4.80508 1.04831 0.63667 1.07066 0.531215 0.42758 4.49914 1.29086 1.02137 1.65847 3.61482 0.653262 4.53543 
3.01579 1.23682 0.747489 1.72575 1.25143 0.700894 5.4158 1.0025 0.921903 1.2692 0.869757 0.544078 4.97321 1.32387 1.39804 1.47395 4.87292 0.724408 5.16664 
3.19857 1.38387 1.1627 1.86325 1.84774 0.701409 6.10327 1.08856 1.27029 1.35019 1.27487 0.688631 5.64816 1.60975 1.91323 1.2183 6.04264 0.796317 5.94713 
3.38134 1.46413 1.65362 1.73616 2.46868 0.761743 6.93761 1.12056 1.67106 1.17448 1.66867 0.796953 6.52107 1.45529 2.43371 1.02184 7.13903 0.848577 6.87659 
3.56412 1.41997 2.18259 1.47492 3.05475 0.84721 7.96857 1.00577 2.07071 0.968756 2.02955 0.932079 7.65531 1.24599 2.92881 0.948822 8.27008 0.949328 8.03182 
3.74689 1.29597 2.71613 1.20989 3.58606 0.951821 9.24865 1.06778 2.53961 0.855538 2.38177 1.05093 9.06868 0.998615 3.36735 0.896512 9.45117 1.00237 9.37988 
3.92967 1.12918 3.22746 1.03272 4.08489 1.01016 10.7429 1.02999 3.03712 0.822353 2.75416 1.16011 10.7848 0.889932 3.7972 0.855666 10.6911 1.09316 10.9969 
4.11244 1.03381 3.74016 0.90299 4.56256 1.11873 12.5553 0.99304 3.56243 0.838621 3.17005 1.20325 12.7341 0.955676 4.30275 0.853074 12.0449 1.09399 12.7692 
4.29522 0.955283 4.25695 0.824027 5.03806 1.17495 14.6317 1.10081 4.19765 0.896209 3.65489 1.2108 14.8738 1.07157 4.9211 0.874179 13.5582 1.1791 14.853 
4.47799 0.890825 4.78075 0.793434 5.5357 1.18884 16.9152 0.909289 4.76796 0.958567 4.21852 1.15873 17.0995 0.97616 5.53334 0.912142 15.2745 1.11436 16.9934 
4.66077 0.8697 5.33473 0.832595 6.1014 1.15614 19.3209 0.9004 5.37972 1.00596 4.85929 1.07848 19.3436 1.02291 6.22835 0.965347 17.2422 1.04474 19.1673 
4.84354 0.888383 5.94585 0.863547 6.73504 1.07712 21.7413 0.899435 6.03969 1.06674 5.5931 1.01392 21.622 0.966449 6.93749 1.01258 19.4712 1.01909 21.4573 
5.02632 0.949116 6.64894 0.917899 7.46034 1.00544 24.1744 1.07214 6.88687 1.08461 6.39657 0.946214 23.9117 0.879145 7.63217 1.05978 21.9834 0.944475 23.7429 
5.20909 0.974219 7.42407 0.971636 8.28495 0.956502 26.6605 0.973423 7.713 1.10658 7.27702 0.920565 26.3044 1.01072 8.48996 1.09271 24.7655 0.960297 26.2388 
5.39187 0.980081 8.25954 0.957396 9.15549 0.877947 29.1052 1.03562 8.65467 1.10108 8.21563 0.862612 28.7065 0.931705 9.33714 1.03247 27.5819 0.847943 28.6 
5.57464 0.878979 9.06048 0.893863 10.0243 0.780894 31.4297 0.913445 9.5425 1.01047 9.13639 0.784066 31.0403 0.913279 10.2248 0.910526 30.2369 0.778843 30.9184 
5.75742 0.804945 9.84284 0.802472 10.8562 0.688041 33.6142 0.897138 10.4726 0.890132 10.0015 0.71867 33.3221 0.696724 10.9471 0.792938 32.7031 0.700624 33.1429 
5.94019 0.762582 10.6318 0.726005 11.6575 0.622635 35.7186 0.749448 11.2997 0.765242 10.7933 0.649439 35.5171 0.584474 11.5922 0.684217 34.9684 0.650045 35.3399 
6.12297 0.687295 11.3874 0.62445 12.3897 0.566481 37.7528 0.642746 12.0534 0.642015 11.499 0.584099 37.6146 0.542565 12.2283 0.592744 37.0535 0.592173 37.4663 
6.30574 0.587714 12.0726 0.519824 13.0361 0.508409 39.6891 0.548785 12.7358 0.535183 12.123 0.520056 39.5952 0.476811 12.8213 0.501134 38.9231 0.507206 39.398 
6.48852 0.476494 12.6608 0.446233 13.6237 0.440894 41.467 0.446423 13.3236 0.451874 12.6808 0.458819 41.4454 0.451549 13.4159 0.427245 40.6108 0.466722 41.2801 
6.67129 0.391775 13.172 0.374749 14.1453 0.379171 43.0833 0.463743 13.9691 0.363421 13.155 0.390183 43.1087 0.382701 13.9486 0.366461 42.1411 0.406932 43.0148 
6.85407 0.326332 13.6215 0.288683 14.5695 0.317878 44.5137 0.381703 14.53 0.29934 13.5674 0.32388 44.566 0.363438 14.4826 0.307114 43.4948 0.315344 44.4337 
7.03684 0.24762 13.981 0.227027 14.9211 0.258918 45.7417 0.250276 14.9176 0.260846 13.9461 0.259475 45.7967 0.275698 14.9095 0.251572 44.6636 0.253842 45.6376 
7.21962 0.195588 14.2799 0.1791 15.213 0.192978 46.7051 0.195082 15.2356 0.19635 14.2462 0.199987 46.7951 0.22495 15.2762 0.198114 45.6325 0.199115 46.6317 
7.4024 0.145604 14.5139 0.137951 15.4494 0.138088 47.4298 0.168033 15.5235 0.146279 14.4812 0.137045 47.5143 0.150029 15.5333 0.14466 46.3762 0.153367 47.4366 
7.58517 0.0943289 14.673 0.0968 15.6236 0.0939661 47.9476 0.111451 15.7241 0.1057 14.6595 0.0890088 48.0048 0.0970735 15.708 0.0995503 46.9136 0.094655 47.9582 
7.76795 0.0642494 14.7867 0.0704839 15.7566 0.0637782 48.3162 0.0536452 15.8253 0.0760116 14.794 0.0585944 48.3435 0.0508352 15.804 0.0702248 47.3112 0.0685658 48.3545 
7.95072 0.0447698 14.8696 0.0490736 15.8537 0.0421817 48.5716 0.0321874 15.889 0.0465905 14.8803 0.0399904 48.5856 0.0409658 15.8849 0.0480688 47.5963 0.041271 48.6044 
8.1335 0.0291209 14.9261 0.0292474 15.9142 0.0290642 48.7558 0.0222135 15.9349 0.0283649 14.9353 0.027942 48.7626 0.0203494 15.927 0.0305595 47.7859 0.0273904 48.7779 
8.31627 0.0180879 14.9628 0.0200313 15.9575 0.0178425 48.874 0.0158987 15.9693 0.0172063 14.9702 0.0175438 48.8788 0.0125555 15.9542 0.0172057 47.8976 0.0141187 48.8714 
8.49905 0.0104422 14.9849 0.01127 15.983 0.0104695 48.9464 0.00739774 15.986 0.00945583 14.9903 0.00998173 48.9479 0.012946 15.9834 0.00925976 47.9604 0.00973204 48.9388 
8.68182 0.00563528 14.9974 0.00527882 15.9954 0.00511683 48.9833 0.00259041 15.9921 0.00323574 14.9974 0.00515717 48.9851 0.00531716 15.996 0.00394915 47.9883 0.00509735 48.9756 
8.8646 0.00102003 14.9997 0.0016551 15.9995 0.00182149 48.997 0.0029424 15.9994 0.000880541 14.9994 0.00172274 48.9981 0.00163467 16 0.00138424 47.9985 0.002861 48.9971 
9.04737 0.000117174 15 0.000207931 16 0.00037663 49 0.000251086 16 0.000234347 15 0.000242119 49 0 16 0.000197282 48 0.000368943 49 
