0.0775799 0 0 0 0 0 0 0 0 0 0 0 0 0 0 0 0 0 0 
0.23274 0 0 0 0 0 0 0 0 0 0 0 0 0 0 0 0 0 0 
0.3879 0 0 0 0 0 0 0 0 0 0 0 0 0 0 0 0 0 0 
0.54306 0 0 0 0 0 0 0 0 0 0 0 0 0 0 0 0 0 0 
0.698219 0 0 0 0 0 0 0 0 0 0 0 0 0 0 0 0 0 0 
0.853379 0 0 0 0 0 0 0 0 0 0 0 0 0 0 0 0 0 0 
1.00854 0 0 0 0 0 0 0 0 0 0 0 0 0 0 0 0 0 0 
1.1637 0 0 0 0 0 0 0 0 0 0 0 0 0 0 0.000108176 1.90998e-05 0 0 
1.31886 0 0 0 0 0 0 0 0 0 0 0.0696728 0.0161246 0 0 0.000421238 0.000114599 0 0 
1.47402 0 0 0 0 0.0275913 0.00797457 0 0 0 0 1.9037 0.566341 0 0 0.000832011 0.000350163 0.079873 0.0230853 
1.62918 0 0 0 0 0.616277 0.22553 0 0 0 0 4.33283 2.0959 0 0 0.00360848 0.00159802 1.09271 0.408829 
1.78434 0.00300858 0.000389955 0 0 2.06853 1.10136 0 0 0 0 3.03109 3.37928 0.010154 0.00140384 0.0354122 0.0162858 2.41632 1.43191 
1.9395 0.0110782 0.00208626 0.00256661 0.000419201 2.63125 2.4175 0.0114602 0.00187178 0.0141342 0.00216425 1.46718 4.11316 0.164263 0.0282327 0.205205 0.116834 2.34006 2.6024 
2.09466 0.0866873 0.0175675 0.0492836 0.00980736 2.1215 3.65514 0.126101 0.025893 0.0702015 0.0147013 0.76419 4.55897 0.501946 0.12385 0.713768 0.524736 1.74355 3.61956 
2.24982 0.289516 0.077211 0.297729 0.075232 1.48789 4.65645 0.5849 0.154422 0.247873 0.0657659 0.517249 4.90706 0.91923 0.325846 1.42383 1.46338 1.11116 4.36734 
2.40498 0.683264 0.238048 0.794779 0.274791 1.06343 5.47418 1.11945 0.435501 0.605238 0.208236 0.434464 5.24115 1.20393 0.628139 1.87229 2.87371 0.791516 4.97598 
2.56014 1.09419 0.52991 1.41282 0.676766 0.819781 6.18849 1.51805 0.867415 1.07636 0.49534 0.448574 5.63201 1.45719 1.04274 1.89263 4.48918 0.634245 5.52862 
2.7153 1.44031 0.962057 1.87115 1.27561 0.691523 6.86627 1.55669 1.36562 1.39859 0.91497 0.525197 6.14677 1.47238 1.51396 1.67235 6.09484 0.676047 6.19123 
2.87046 1.64042 1.51209 2.05888 2.01197 0.636443 7.56338 1.468 1.89066 1.6164 1.45695 0.615803 6.82126 1.61585 2.09187 1.33855 7.53105 0.690398 6.94743 
3.02562 1.67463 2.13592 1.95727 2.7897 0.646062 8.34957 1.47678 2.47746 1.70221 2.09105 0.709223 7.68431 1.50976 2.69178 1.08409 8.82335 0.74114 7.84932 
3.18078 1.53833 2.76924 1.77365 3.56858 0.691386 9.27939 1.23253 3.01872 1.49973 2.70849 0.833095 8.80472 1.56109 3.37732 0.899198 10.008 0.853167 8.99672 
3.33594 1.40866 3.40713 1.50854 4.29724 0.744464 10.3806 1.1774 3.58743 1.21607 3.25916 0.942492 10.1989 1.54748 4.12479 0.82426 11.2024 0.91675 10.3528 
3.4911 1.22146 4.01289 1.24178 4.95413 0.838704 11.7394 1.07656 4.15692 1.00613 3.75813 1.06701 11.9275 1.3844 4.85712 0.789329 12.455 0.974866 11.9321 
3.64626 1.12708 4.62262 1.02706 5.54679 0.94984 13.4179 1.00636 4.73764 0.854827 4.22058 1.16764 13.991 1.1599 5.52644 0.788164 13.8195 1.0454 13.7796 
3.80142 0.968524 5.19211 0.829714 6.06719 1.07127 15.4756 0.833631 5.26049 0.773049 4.67513 1.24022 16.3732 0.937338 6.11433 0.812988 15.3492 1.12529 15.941 
3.95658 0.85491 5.73666 0.708529 6.54859 1.17821 17.9272 0.815913 5.81485 0.743765 5.14888 1.25491 18.9844 0.870782 6.70597 0.847563 17.0768 1.1845 18.4057 
4.11174 0.788213 6.27888 0.675521 7.04426 1.23898 20.7114 0.735096 6.35423 0.778831 5.68464 1.20455 21.6912 0.779525 7.27796 0.907186 19.0737 1.2307 21.1713 
4.2669 0.75873 6.84094 0.68392 7.58468 1.24116 23.7149 0.719329 6.92263 0.847008 6.3121 1.10827 24.3731 0.857707 7.9557 0.986828 21.413 1.15849 23.9747 
4.42206 0.734901 7.42566 0.72219 8.19759 1.19187 26.8127 0.707602 7.52316 0.915729 7.04069 1.02894 27.0474 0.824678 8.65559 1.07319 24.1454 1.08469 26.7939 
4.57722 0.74814 8.06341 0.743431 8.87358 1.03728 29.7012 0.774352 8.22727 0.922155 7.82678 0.894801 29.5391 0.79854 9.38169 1.05868 27.0334 0.978126 29.5177 
4.73238 0.782741 8.77665 0.756468 9.60884 0.852106 32.2376 0.795826 9.00078 0.920049 8.66515 0.778186 31.8555 0.814602 10.1735 0.974516 29.8749 0.870135 32.1078 
4.88754 0.804189 9.55828 0.766781 10.4038 0.688882 34.4248 0.723836 9.75121 0.908404 9.54806 0.671361 33.9871 0.841341 11.0457 0.856061 32.5375 0.709703 34.3611 
5.0427 0.755352 10.3398 0.745359 11.2264 0.578633 36.3804 0.753619 10.5829 0.847505 10.4249 0.585792 35.9669 0.816656 11.947 0.732158 34.9615 0.589908 36.3549 
5.19786 0.716609 11.1275 0.716011 12.0659 0.488053 38.133 0.751737 11.4644 0.749617 11.2489 0.522987 37.845 0.654361 12.7142 0.619867 37.142 0.52403 38.2366 
5.35302 0.651087 11.8866 0.63831 12.8597 0.420757 39.7355 0.69763 12.3319 0.64005 11.9952 0.465296 39.617 0.596158 13.4556 0.518172 39.0752 0.447445 39.9407 
5.50818 0.536725 12.5492 0.532632 13.5611 0.379657 41.2664 0.60676 13.1309 0.530755 12.6503 0.413143 41.283 0.435938 14.0296 0.43455 40.7918 0.389327 41.5107 
5.66334 0.44912 13.1353 0.433909 14.165 0.350722 42.7615 0.538783 13.8808 0.41991 13.1983 0.366872 42.847 0.293709 14.4385 0.359893 42.2946 0.333856 42.9339 
5.8185 0.354755 13.6239 0.335343 14.6578 0.31399 44.1743 0.413718 14.4887 0.317839 13.6361 0.317075 44.2737 0.269442 14.8343 0.298668 43.6111 0.289041 44.2344 
5.97365 0.27408 14.0218 0.244158 15.0359 0.267799 45.4445 0.286448 14.9323 0.240788 13.9857 0.267757 45.5436 0.211412 15.1618 0.241692 44.734 0.256857 45.4527 
6.12881 0.200595 14.3284 0.175415 15.3218 0.215485 46.5202 0.220076 15.2911 0.177145 14.2564 0.21114 46.5977 0.136064 15.3836 0.18866 45.6566 0.199619 46.4492 
6.28397 0.132268 14.5409 0.129053 15.543 0.154408 47.3306 0.141716 15.5339 0.133203 14.4704 0.146384 47.366 0.09293 15.5428 0.138208 46.3672 0.145184 47.2112 
6.43913 0.0896788 14.6922 0.0866365 15.6989 0.101993 47.8927 0.0796638 15.6773 0.0962206 14.6328 0.101402 47.9247 0.0709085 15.6704 0.0982858 46.8977 0.106004 47.7954 
6.59429 0.0601171 14.7985 0.0600482 15.8122 0.0686856 48.2896 0.0619079 15.7941 0.0709062 14.7582 0.0693755 48.3257 0.0575273 15.779 0.0686344 47.2863 0.0811293 48.2642 
6.74945 0.0389019 14.8707 0.0407556 15.8928 0.0466399 48.572 0.0426048 15.8783 0.0448771 14.8414 0.044925 48.5977 0.0359774 15.8501 0.047563 47.5684 0.0595372 48.6247 
6.90461 0.0267792 14.9226 0.0245447 15.9436 0.0299644 48.7619 0.0214113 15.9226 0.0338459 14.907 0.0286197 48.779 0.0272164 15.9064 0.0306204 47.7585 0.0355234 48.8498 
7.05977 0.0172305 14.9575 0.012904 15.9715 0.0180993 48.8818 0.0103124 15.9449 0.0203267 14.9483 0.0173325 48.8939 0.017019 15.9432 0.01926 47.8835 0.0140344 48.9428 
7.21493 0.0117286 14.9824 0.00728006 15.9879 0.0105218 48.9546 0.013464 15.9754 0.0124007 14.9745 0.00905351 48.9565 0.0135331 15.9738 0.0103738 47.9538 0.00541097 48.9802 
7.37009 0.00548767 14.9945 0.00374686 15.9968 0.0045198 48.9872 0.00681548 15.9914 0.00835503 14.993 0.00431859 48.9877 0.00582293 15.9875 0.0046994 47.987 0.00222546 48.9963 
7.52525 0.00189562 14.9989 0.00121385 15.9997 0.00152197 48.9987 0.00349081 16 0.0027588 14.9993 0.0014028 48.9982 0.00507754 16 0.00161998 47.9989 0.000497392 49 
7.68041 0.000471199 15 0.000102821 16 0.000171601 49 0 16 0.00027622 15 0.000226315 49 0 16 0.000138442 48 0 49 
