0.0821871 0 0 0 0 0 0 0 0 0 0 0 0 0 0 0 0 0 0 
0.246561 0 0 0 0 0 0 0 0 0 0 0 0 0 0 0 0 0 0 
0.410935 0 0 0 0 0 0 0 0 0 0 0 0 0 0 0 0 0 0 
0.57531 0 0 0 0 0 0 0 0 0 0 0 0 0 0 0 0 0 0 
0.739684 0 0 0 0 0 0 0 0 0 0 0 0 0 0 0 0 0 0 
0.904058 0 0 0 0 0 0 0 0 0 0 0 0 0 0 0 0 0 0 
1.06843 0 0 0 0 0 0 0 0 0 0 0 0 0 0 0 0 0 0 
1.23281 0 0 0 0 0 0 0 0 0 0 0.00148187 0.000267094 0 0 0.00135381 0.000239032 0 0 
1.39718 0 0 0 0 0.00141055 0.000326448 0 0 0 0 0.630344 0.14615 0 0 0.00384695 0.00111118 0.0157298 0.00364039 
1.56155 0 0 0 0 0.167505 0.0487397 0 0 0 0 3.98946 1.2992 0 0 0.00381057 0.00219005 0.589246 0.173947 
1.72593 0 0 0 0 1.308 0.510486 0 0 0 0 3.97338 2.70187 0 0 0.0143662 0.00715804 1.99654 0.878759 
1.8903 0.00213701 0.000276986 0.000787068 0.000108816 2.4035 1.52814 0.0377793 0.00522317 0 0 1.95732 3.53062 0.157986 0.0218424 0.0852623 0.0425219 2.24517 1.82938 
2.05468 0.0352743 0.00567822 0.0153235 0.00261159 2.26403 2.6606 0.0998146 0.0215258 0.038763 0.00593542 0.925011 3.9933 0.506826 0.104622 0.349051 0.213552 1.77107 2.71526 
2.21905 0.129397 0.0287868 0.126762 0.0267589 1.6731 3.63666 0.353127 0.0887939 0.162854 0.035019 0.531497 4.30337 1.13333 0.320513 0.903972 0.730152 1.16365 3.39411 
2.38343 0.313657 0.0934038 0.475924 0.131341 1.19343 4.4398 0.656174 0.232985 0.392216 0.11582 0.420672 4.58647 1.29794 0.60573 1.51238 1.72717 0.854221 3.96898 
2.5478 0.69828 0.257775 0.99744 0.381786 0.912491 5.14147 0.982745 0.47974 0.817378 0.308226 0.434491 4.92057 1.28469 0.9283 1.80455 3.08647 0.744092 4.54115 
2.71217 1.10459 0.55241 1.55791 0.825044 0.774118 5.81599 1.24555 0.834125 1.23142 0.636693 0.488305 5.34605 1.54873 1.36895 1.74401 4.57509 0.769826 5.21193 
2.87655 1.41007 0.975487 1.88908 1.42963 0.704741 6.50673 1.30909 1.25309 1.46546 1.07639 0.576328 5.91093 1.4535 1.83412 1.52136 6.03579 0.748978 5.94603 
3.04092 1.54915 1.49492 1.92773 2.11908 0.708184 7.28241 1.3272 1.72776 1.57163 1.60336 0.684331 6.66048 1.52679 2.38018 1.25856 7.38617 0.782062 6.80263 
3.2053 1.50898 2.05704 1.85904 2.85778 0.7291 8.16964 1.17946 2.19642 1.49475 2.16018 0.803076 7.63774 1.54154 2.99272 1.07053 8.66231 0.824106 7.80548 
3.36967 1.4688 2.66174 1.68014 3.5956 0.776267 9.21363 1.22544 2.73457 1.1611 2.6382 0.919738 8.87467 1.48495 3.64482 0.928013 9.8849 0.951639 9.08531 
3.53404 1.34861 3.27244 1.36197 4.25346 0.854964 10.4783 1.13247 3.28158 0.962994 3.07427 1.0374 10.4092 1.18556 4.21747 0.841511 11.1043 1.00771 10.576 
3.69842 1.22587 3.88038 1.12199 4.84698 0.929515 11.9842 0.997258 3.80912 0.916691 3.52889 1.14814 12.2693 0.980801 4.73631 0.801745 12.3766 1.08096 12.3272 
3.86279 1.1526 4.50392 0.907775 5.37082 1.01877 13.7846 0.946021 4.35502 0.853256 3.99048 1.21855 14.4227 0.98113 5.30247 0.800493 13.7624 1.08399 14.2428 
4.02717 1.03403 5.11192 0.77529 5.85708 1.1127 15.9218 0.862306 4.89585 0.811952 4.46791 1.2406 16.8056 0.891327 5.86151 0.81633 15.2984 1.11664 16.3876 
4.19154 0.902562 5.68683 0.749548 6.36634 1.18731 18.3923 0.873815 5.48955 0.852275 5.01078 1.21071 19.3248 0.862401 6.44745 0.867225 17.0661 1.18109 18.8452 
4.35592 0.8647 6.28166 0.725087 6.89839 1.20569 21.1017 0.990961 6.21668 0.896251 5.62731 1.11235 21.8245 0.796608 7.03197 0.946789 19.1502 1.0916 21.2982 
4.52029 0.815569 6.88582 0.730443 7.47557 1.15613 23.8995 0.930625 6.95204 0.97122 6.34679 1.05168 24.3694 0.872536 7.72143 1.0147 21.5556 1.09856 23.9566 
4.68466 0.830538 7.54663 0.773373 8.13191 1.08943 26.731 0.967552 7.77319 1.06749 7.19613 0.982658 26.9235 0.90694 8.49114 1.0857 24.3199 1.02959 26.6326 
4.84904 0.830266 8.25439 0.82002 8.87754 0.960939 29.4069 0.968872 8.65416 1.00863 8.05593 0.865879 29.3346 0.877311 9.28886 1.06169 27.216 0.913745 29.1771 
5.01341 0.77001 8.95604 0.82071 9.67524 0.808614 31.8138 0.886194 9.51551 0.937522 8.91022 0.759053 31.5941 0.871375 10.1358 0.952476 29.9933 0.779893 31.4986 
5.17779 0.768862 9.70333 0.807696 10.5126 0.673208 33.9513 0.79281 10.3374 0.884646 9.77004 0.670183 33.7219 0.816627 10.9824 0.84204 32.6122 0.688145 33.6834 
5.34216 0.718971 10.4472 0.793046 11.3878 0.591511 35.9505 0.806877 11.2279 0.774483 10.5713 0.603365 35.7612 0.687839 11.7415 0.723413 35.0073 0.585057 35.6608 
5.50653 0.709663 11.2273 0.715026 12.2262 0.52706 37.8431 0.672767 12.0168 0.681208 11.3202 0.544178 37.7153 0.643745 12.4964 0.610852 37.1561 0.553517 37.6485 
5.67091 0.621759 11.9522 0.617248 12.9938 0.471657 39.6394 0.585843 12.7453 0.582848 11.9997 0.483997 39.5586 0.547533 13.1773 0.513735 39.0727 0.492514 39.5242 
5.83528 0.51895 12.5928 0.512397 13.6685 0.414188 41.3096 0.481782 13.3797 0.482087 12.5948 0.438506 41.3269 0.425887 13.7381 0.430248 40.7723 0.432111 41.2667 
5.99966 0.437189 13.1633 0.402083 14.2282 0.368383 42.88 0.4114 13.9524 0.389841 13.1035 0.384794 42.9672 0.368077 14.2504 0.358792 42.2705 0.372706 42.8555 
6.16403 0.343847 13.6369 0.298387 14.6666 0.321129 44.325 0.316499 14.4174 0.335258 13.5653 0.322714 44.4193 0.300663 14.6921 0.295625 43.5736 0.333924 44.358 
6.32841 0.259091 14.0131 0.221244 15.0092 0.264067 45.5774 0.265625 14.8287 0.258614 13.9408 0.264626 45.6743 0.219429 15.032 0.238668 44.6824 0.275656 45.6654 
6.49278 0.179895 14.288 0.168033 15.2832 0.204495 46.5983 0.202829 15.1594 0.198719 14.2445 0.204018 46.6929 0.15535 15.2852 0.191608 45.6195 0.190193 46.6149 
6.65715 0.122443 14.4848 0.118611 15.4864 0.15202 47.3961 0.135582 15.3917 0.143008 14.4743 0.145125 47.4545 0.123299 15.4965 0.141535 46.3472 0.140355 47.3515 
6.82153 0.0885946 14.6342 0.0846682 15.6388 0.10022 47.9484 0.0910399 15.5556 0.10207 14.6464 0.0965079 47.9864 0.0957898 15.6689 0.0993268 46.8833 0.0996655 47.9008 
6.9859 0.062288 14.7444 0.0590555 15.7502 0.0686063 48.3449 0.0738063 15.6948 0.0713685 14.7727 0.0647688 48.3607 0.0641612 15.79 0.0711898 47.2864 0.0734229 48.3251 
7.15028 0.0452388 14.8283 0.0430068 15.8353 0.0434019 48.6077 0.0504373 15.7946 0.0471602 14.8601 0.040206 48.6041 0.0420311 15.8731 0.0475922 47.5687 0.044441 48.5942 
7.31465 0.0360577 14.8982 0.0329483 15.9034 0.0269317 48.7784 0.0342727 15.8655 0.0308148 14.9199 0.0274578 48.7781 0.0351907 15.9459 0.0315634 47.7646 0.026429 48.7616 
7.47902 0.0227333 14.9443 0.0193047 15.9452 0.0174861 48.8942 0.0381978 15.9481 0.0186257 14.9577 0.0169664 48.8905 0.011635 15.971 0.01898 47.8877 0.0158896 48.8669 
7.6434 0.0150401 14.9762 0.01255 15.9735 0.00911242 48.9572 0.0152736 15.9826 0.0108831 14.9807 0.00913244 48.9537 0.00882788 15.991 0.0100147 47.9556 0.0102034 48.9375 
7.80777 0.00828106 14.9945 0.00744876 15.9911 0.00421498 48.9877 0.00510292 15.9946 0.00634732 14.9947 0.0045137 48.9862 0.00282004 15.9976 0.00466443 47.9886 0.00570036 48.9786 
7.97215 0.00224124 14.9996 0.00307124 15.9986 0.00141162 48.9983 0.00154569 15.9984 0.00227559 15 0.00160615 48.9983 0.000966053 16 0.00138971 47.9988 0.0025446 48.9978 
8.13652 0.00015663 15 0.0005294 16 0.000219552 49 0.000618278 16 8.2437e-06 15 0.000211981 49 0 16 0.000153097 48 0.000282641 49 
